editorCamera:
  position: [6.0235953,8.712093,17.5474]
  pitchYaw: [0.35400197,-3.0591636]
  fovVertical: 50
  sensitivity: 60.278
  rotationSensitivity: 1
  controllerSensitivity: 1
skybox:
  file: skybox\industrial_sunset_02_puresky_4k.dds
player:
  file: models\girl\girl.gltf
  scale: [0.07300001,0.07300001,0.07300001]
  rotate: [-0,0,-0,1]
  translate: [0,3.6993876,-14.187271]
  velocity: [0,0,0]
  acceleration: [0,0,0]
  cameraLookAtOffset: [0,0.02,0]
  cameraRotation: [0.3919999,4.064001,0]
  cameraDistance: 0.08
staticObjects:
  - name: Floor
    file: models\cube\cube.gltf
    scale: [100,0.1,100]
    rotate: [0,0,0,1]
    translate: [0,-2,0]
  - name: Object0
    file: models\cesiumMan\cesiumMan.gltf
    scale: [6.4241996,6.4241996,6.4241996]
    rotate: [-0,0,-0,1]
    translate: [6.690608,-1.6880183,-3.88344]
  - name: Object0
    file: models\xbot\xbot.gltf
    scale: [5.4199996,5.4199996,5.4199996]
    rotate: [-0,0,-0,1]
    translate: [16.116356,-1.7772968,2.2058601]
dynamicObjects:
  - name: Object0
    file: models\xbot\xbot.gltf
    scale: [5.3679605,5.3679605,5.3679605]
    rotate: [-0,0,-0,1]
    translate: [-5.7511835,-1.8415341,0]
