editorCamera:
  position: [200260,168378,-9119]
  pitchYaw: [0.39209145,-0.97914684]
  moveSpeed: 25.478
skybox:
  file: skybox\industrial_sunset_02_puresky_4k.dds
player:
  file: models\robot\gltf\robot.gltf
  scale: [1,1,1]
  rotate: [0,0,0,1]
  translate: [0,0,0]
  spawnPosition: [0,0,0]
  walkSpeed: 1
  runSpeed: 5
  idleAnimationIndex: 4
  walkAnimationIndex: 5
  runAnimationIndex: 2
  jumpAnimationIndex: 0
  cameraLookAtOffset: [0,1,0]
  cameraDistance: 3
gameObjects:
  - name: referencePlane
    file: models/plane/gltf/plane.gltf
    scale: [1,1,1]
    rotate: [0,0,0,1]
    translate: [0,0,0]
  - name: bot
    file: models\xbot\xbot.gltf
    scale: [9.88,9.88,9.88]
    rotate: [-0,0,-0,1]
    translate: [1.1099292,-0.030011415,-3.537915]
  - name: cesiumMan
    file: models\cesiumMan\cesiumMan.gltf
    scale: [2.76,2.76,2.76]
    rotate: [-0,0,-0,1]
    translate: [-1.0405915,-0.05785811,0]
  - name: cube
    file: models/cube/cube.gltf
    scale: [1,1,1]
    rotate: [-0,0,-0,1]
    translate: [2.9033751,0,0]
  - name: animatedCube
    file: models\animatedCube\AnimatedCube.gltf
    scale: [1,1,1]
    rotate: [-0,0,-0,1]
    translate: [-3.31921,0.9366585,0]
  - name: fish
    file: models\fish\BarramundiFish.gltf
    scale: [3.4299998,3.4299998,3.4299998]
    rotate: [0,0,0,1]
    translate: [1.2489251,1.9492137,-0.43860224]
  - name: cylinder
    file: models/cylinder/cylinder.gltf
    scale: [1,1,1]
    rotate: [-0,0,-0,1]
    translate: [0,-0.015607089,2.0579576]
  - name: sphere
    file: models/sphere/sphere.gltf
    scale: [1,1,1]
    rotate: [-0,0,-0,1]
    translate: [0,2.9648516,0]
  - name: girlDriver
    file: models\girlDriver\gltf\girlDriver.gltf
    scale: [0.7098838,0.709886,0.7098838]
    rotate: [0,0.9840335,0,-0.17798312]
    translate: [-0.9434476,0.6879333,3.6363218]
  - name: bot
    file: models\playerFirstPerson\gltf\playerFirstPerson.gltf
    scale: [0.9999907,1,0.9999907]
    rotate: [-0,-0.0997922,-0,0.9950083]
    translate: [0,-0.056521297,7.094115]
  - name: robot
    file: models\robot\gltf\robot.gltf
    scale: [0.9999985,1,0.9999985]
    rotate: [0,0.8000281,0,-0.5999625]
    translate: [5.353129,0,5.0973306]
