editorCamera:
  position: [-0.005196032,0.15790823,-0.38451365]
  pitchYaw: [0.2189801,-0.14594315]
  sensitivity: 6.401
  rotationSensitivity: 1
  controllerSensitivity: 1
skybox:
  file: skybox\industrial_sunset_02_puresky_4k.dds
player:
  file: models\girl\girl.gltf
  scale: [1,1,1]
  rotate: [-0,0,-0,1]
  translate: [0,-0.0013817772,0]
  spawnPosition: [0,0,0]
  velocity: [0,0,0]
  acceleration: [0,0,0]
  cameraLookAtOffset: [0,0.02,0]
  cameraRotation: [0.3919999,4.064001,0]
  cameraDistance: 0.08
staticObjects:
  - name: Floor
    file: models/cube/cube.gltf
    scale: [100,1,100]
    rotate: [0,0,0,1]
    translate: [0,-1,0]
  - name: cubeReference
    file: models/cube/cube.gltf
    scale: [0.1,0.1,0.1]
    rotate: [-0,0,-0,1]
    translate: [0.6558792,0.09892969,0]
  - name: bot
    file: models\xbot\xbot.gltf
    scale: [1,1,1]
    rotate: [-0,0,-0,1]
    translate: [0.15663825,0,-0.0056644157]
  - name: cesiumMan
    file: models\cesiumMan\cesiumMan.gltf
    scale: [0.351204,0.351204,0.351204]
    rotate: [-0,0,-0,1]
    translate: [-0.1523385,0,-0.066141345]
  - name: cube2
    file: models/cube/cube.gltf
    scale: [0.10142998,0.10142998,0.10142998]
    rotate: [-0,0,-0,1]
    translate: [1.0292994,0.10165221,0]
dynamicObjects: []
